# 1000
-8.000
-7.891
11.217
16.322
33.424
40.520
19.611
37.693
62.767
60.831
52.883
54.923
41.949
87.960
76.955
54.933
56.891
69.830
91.747
95.642
85.514
111.360
128.181
100.974
142.740
116.475
132.180
116.853
120.493
142.099
137.669
151.203
166.700
177.157
140.575
169.953
181.288
167.580
159.828
191.031
170.188
199.298
177.360
188.372
208.334
220.245
204.104
220.910
240.662
241.359
207.000
210.584
233.111
261.579
232.988
241.337
238.624
270.850
258.013
255.113
254.148
282.119
287.024
248.862
281.634
295.338
279.973
272.539
267.036
289.462
308.817
278.101
276.312
318.451
294.517
308.509
308.428
313.271
292.039
306.732
308.349
298.890
313.354
332.741
299.050
331.282
305.436
315.511
326.508
334.426
337.265
345.024
328.704
332.305
348.826
313.266
327.627
324.908
328.109
335.229
303.269
322.229
346.109
309.908
318.627
315.266
341.826
348.305
297.704
301.024
320.265
319.426
311.508
343.511
310.436
317.282
329.050
319.741
335.354
306.890
305.349
321.732
300.039
281.271
302.428
294.509
289.517
273.451
313.312
310.101
301.817
309.462
276.036
290.539
261.973
286.338
298.634
246.862
277.024
291.119
242.148
242.113
256.013
249.850
232.624
263.337
265.988
261.579
235.111
253.584
222.000
244.359
231.662
229.910
235.104
195.245
186.334
188.372
185.360
218.298
170.188
210.031
202.828
173.580
180.288
146.953
143.575
166.157
133.700
164.203
152.669
124.099
157.493
111.853
131.180
100.475
138.740
114.974
132.181
97.360
95.514
84.642
75.747
64.830
104.891
54.933
58.955
43.960
50.949
54.923
26.883
39.831
37.767
57.693
43.611
3.520
43.424
31.322
19.217
-19.891
3.000
-15.109
-28.217
-17.322
-27.424
-17.520
-32.611
-48.693
-57.767
-50.831
-47.883
-53.923
-53.949
-52.960
-63.955
-68.933
-62.891
-65.830
-80.747
-112.642
-106.514
-93.360
-109.181
-98.974
-111.740
-135.475
-110.180
-127.853
-158.493
-140.099
-140.669
-144.203
-138.700
-147.157
-185.575
-183.953
-176.288
-175.580
-184.828
-182.031
-168.188
-218.298
-215.360
-198.372
-192.334
-196.245
-228.104
-210.910
-212.662
-203.359
-214.000
-254.584
-228.111
-247.579
-223.988
-254.337
-244.624
-239.850
-232.013
-249.113
-270.148
-260.119
-274.024
-286.862
-278.634
-277.338
-283.973
-264.539
-307.036
-268.462
-290.817
-316.101
-273.312
-289.451
-292.517
-289.509
-304.428
-286.271
-311.039
-324.732
-293.349
-325.890
-325.354
-313.741
-313.050
-334.282
-299.436
-334.511
-298.508
-303.426
-301.265
-334.024
-323.704
-333.305
-324.826
-304.266
-309.627
-305.908
-312.109
-307.229
-312.269
-338.229
-306.109
-315.908
-305.627
-324.266
-327.826
-331.305
-328.704
-307.024
-321.265
-335.426
-294.508
-306.511
-308.436
-314.282
-296.050
-311.741
-301.354
-295.890
-314.349
-301.732
-328.039
-286.271
-281.428
-299.509
-285.517
-285.451
-298.312
-291.101
-284.817
-303.462
-272.036
-282.539
-261.973
-270.338
-249.634
-282.862
-245.024
-272.119
-285.148
-261.113
-254.013
-275.850
-264.624
-259.337
-238.988
-260.579
-222.111
-241.584
-210.000
-242.359
-199.662
-195.910
-237.104
-192.245
-207.334
-187.372
-194.360
-175.298
-199.188
-201.031
-203.828
-198.580
-164.288
-147.953
-154.575
-151.157
-170.700
-142.203
-168.669
-153.099
-154.493
-126.853
-136.180
-128.475
-100.740
-91.974
-110.181
-96.360
-110.514
-99.642
-72.747
-98.830
-85.891
-54.933
-89.955
-46.960
-48.949
-43.923
-37.883
-66.831
-17.767
-17.693
-46.611
-17.520
-5.424
4.678
-16.217
-29.109
5.000
3.109
1.217
30.322
-0.576
33.520
16.611
59.693
45.767
56.831
58.883
75.923
43.949
66.960
52.955
76.933
78.891
74.830
86.747
80.642
76.514
89.360
99.181
138.974
96.740
122.475
136.180
150.853
132.493
119.099
165.669
176.203
155.700
144.157
179.575
171.953
190.288
203.580
183.828
184.031
202.188
180.298
191.360
222.372
218.334
211.245
211.104
202.910
235.662
241.359
224.000
247.584
262.111
247.579
255.988
223.337
230.624
248.850
275.013
259.113
259.148
276.119
267.024
290.862
293.634
264.338
277.973
291.539
271.036
311.462
270.817
314.101
278.312
295.451
314.517
319.509
324.428
290.271
284.039
317.732
286.349
307.890
312.354
289.741
294.050
303.282
294.436
302.511
325.508
340.426
328.265
300.024
328.704
303.305
345.826
324.266
316.627
319.908
310.109
327.229
319.269
316.229
325.109
325.908
338.627
315.266
320.826
334.305
323.704
322.024
318.265
323.426
340.508
339.511
321.436
340.282
298.050
320.741
295.354
324.890
311.349
323.732
323.039
288.271
323.428
314.509
306.517
284.451
278.312
310.101
304.817
288.462
269.036
272.539
258.973
299.338
279.634
271.862
277.024
249.119
287.148
241.113
268.013
273.850
226.624
238.337
262.988
224.579
260.111
211.584
253.000
226.359
240.662
233.910
224.104
225.245
211.334
195.372
176.360
207.298
176.188
204.031
172.828
172.580
156.288
163.953
156.575
173.157
174.700
176.203
167.669
161.099
118.493
138.853
141.180
105.475
140.740
120.974
100.181
124.360
109.514
84.642
85.747
87.830
58.891
53.933
63.955
72.960
56.949
49.923
45.883
50.831
26.767
44.693
53.611
18.520
-2.576
4.322
-10.783
26.109
-12.000
18.891
2.783
-22.322
-16.424
-25.520
-30.611
-35.693
-57.767
-31.831
-55.883
-38.923
-82.949
-51.960
-75.955
-94.933
-63.891
-73.830
-76.747
-107.642
-119.514
-121.360
-93.181
-122.974
-101.740
-108.475
-120.180
-113.853
-158.493
-130.099
-131.669
-159.203
-144.700
-157.157
-154.575
-177.953
-193.288
-192.580
-164.828
-199.031
-216.188
-207.298
-219.360
-225.372
-231.334
-211.245
-231.104
-199.910
-234.662
-203.359
-249.000
-239.584
-256.111
-216.579
-233.988
-223.337
-236.624
-258.850
-237.013
-241.113
-280.148
-255.119
-282.024
-250.862
-283.634
-254.338
-291.973
-285.539
-301.036
-307.462
-280.817
-308.101
-301.312
-281.451
-311.517
-306.509
-312.428
-308.271
-318.039
-305.732
-315.349
-316.890
-291.354
-313.741
-323.050
-309.282
-317.436
-336.511
-342.508
-325.426
-346.265
-337.024
-342.704
-335.305
-342.826
-328.266
-338.627
-331.908
-308.109
-331.229
-326.269
-324.229
-323.109
-308.908
-332.627
-310.266
-338.826
-317.305
-337.704
-324.024
-336.265
-317.426
-303.508
-337.511
-339.436
-333.282
-302.050
-311.741
-322.354
-296.890
-287.349
-317.732
-281.039
-327.271
-300.428
-320.509
-300.517
-283.451
-295.312
-302.101
-307.817
-266.462
-268.036
-272.539
-267.973
-293.338
-274.634
-249.862
-254.024
-257.119
-269.148
-235.113
-270.013
-268.850
-269.624
-256.337
-250.988
-222.579
-219.111
-226.584
-222.000
-212.359
-200.662
-211.910
-199.104
-211.245
-195.334
-214.372
-211.360
-210.298
-188.188
-191.031
-200.828
-182.580
-194.288
-150.953
-161.575
-157.157
-141.700
-157.203
-158.669
-158.099
-143.493
-133.853
-134.180
-124.475
-103.740
-102.974
-116.181
-97.360
-106.514
-119.642
-92.747
-93.830
-72.891
-86.933
-54.955
-69.960
-58.949
-76.923
-44.883
-64.831
-40.767
-22.693
-29.611
-21.520
-14.424
-34.322
-26.217
-8.109
1.000
3.109
16.217
36.322
43.424
1.520
26.611
48.693
52.767
59.831
47.883
37.923
76.949
85.960
68.955
75.933
63.891
74.830
110.747
105.642
94.514
106.360
126.181
131.974
108.740
118.475
126.180
154.853
138.493
149.099
140.669
128.203
134.700
185.157
187.575
145.953
199.288
171.580
197.828
199.031
173.188
182.298
218.360
226.372
188.334
203.245
213.104
208.910
228.662
219.359
255.000
257.584
256.111
256.579
260.988
230.337
235.624
242.850
236.013
270.113
283.148
263.119
280.024
294.862
270.634
284.338
303.973
277.539
260.036
301.462
271.817
275.101
269.312
271.451
279.517
282.509
294.428
307.271
303.039
330.732
330.349
307.890
334.354
328.741
303.050
330.282
340.436
316.511
297.508
296.426
304.265
344.024
320.704
341.305
343.826
342.266
325.627
343.908
313.109
326.229
333.269
320.229
334.109
332.908
319.627
339.266
339.826
335.305
315.704
309.024
331.265
309.426
327.508
325.511
295.436
337.282
312.050
289.741
307.354
309.890
286.349
308.732
302.039
304.271
298.428
291.509
292.517
317.451
280.312
298.101
287.817
306.462
260.036
264.539
281.973
273.338
296.634
264.862
251.024
256.119
268.148
277.113
260.013
242.850
250.624
253.337
228.988
261.579
244.111
237.584
225.000
235.359
203.662
233.910
200.104
212.245
189.334
206.372
197.360
188.298
175.188
208.031
168.828
162.580
152.288
182.953
169.575
186.157
138.700
163.203
137.669
154.099
142.493
150.853
104.180
103.475
118.740
99.974
134.181
86.360
114.514
89.642
106.747
106.830
64.891
51.933
67.955
56.960
64.949
75.923
58.883
58.831
55.767
54.693
52.611
43.520
27.424
16.322
28.217
19.109
